Service Year,Peak Pub's,Increase,%  Over Prev Yr,World Pop increase %,Avg Pub's,Increase,%  Over Prev Yr,Difference Peak vs Avg,Global Hours Spent,Baptised,%  Over Prev Yr,Pk Pubs vs Baptisms,Hours to convert,Memorial,Partakers,Ratio Pubs to Anointed,Congs,Peak pubs per cong,Lands,Left / Died,,,,,,
1914,"5,155",,,,,,,,,,,,,"18,243","18,243",,,,43,,,,,,,
1918,"3,869",,-24.947,,,,,,,,,,,,,,,,,"-1,286",,,,,,
1919,"5,793",,49.729,,,,,,,,,,,"21,411","21,411",,,,,"-1,924",,,,,,
1922,,,,,,,,,,,,,,"32,661","32,661",,"1,200",,,,,,,,,
1923,,,,,,,,,,,,,,"42,000","42,000",,,,,,,,,,,
1924,,,,,,,,,,,,,,"62,694","62,694",,,,,,,,,,,
1925,,,,,,,,,,,,,,"90,434","90,434",,,,,,,,,,,
1928,"23,988",,,,,,,,,,,,,,,,,,,,,,,,,
1933,,,,,,,,,,,,,,"83,941","83,941",,,,,,,,,,,
1935,"56,153",,134.088,,,,,,"5,050,798",,,,,"63,146","52,465",1,,,115,"-32,165",,,,,,
1936,"46,209",,,,,,,,"489,011",,,,,"71,451","53,835",,,,,,,,,,,
1937,"45,132",,,,,,,,,,,,,"36,285","24,308",,,,,,,,,,,
1938,"59,047",,5.154,,,,,,,,,,,"73,420","39,225",2,,,,"-2,894",,,,,,
1939,"71,509",,21.105,,,,,,,,,,,"77,164","29,385",2,,,,"-12,462",,,,,,
1940,"96,418",,34.833,,,,,,,,,,,"96,989","27,711",3,"5,130",,112,"-24,909",,,,,,
1941,"109,371",,13.434,,,,,,,,,,,,"23,989",5,,,107,"-12,953",,,,,,
1945,"156,299",,42.907,,,,,,,,,,,"186,247","22,328",7,"7,218",,107,"-46,928",,,,,,
1946,"158,034",,1.11,,,,,,,,,,,,"27,587",6,,,,"-1,735",,,,,,
1947,"181,071",,14.577,,,,,,,,,,,,"26,449",7,"10,782",,,"-23,037",,,,,,
1948,"230,532",,27.316,,,,,,,,,,,"376,393","25,395",9,"11,714",,,"-49,461",,,,,,
1949,"279,421",,21.207,,,,,,,,,,,,"24,312",11,,,,"-48,889",,,,,,
1950,"373,430",,33.644,,,,,,,,,,,"511,203","22,723",16,"13,238",28,147,"-94,009",,,,,,
1951,"442,380",,18.464,1.86,,,,,,"63,178",,,,,"21,619",20,"13,470",33,,"-5,772",,,,,,
1952,"456,265","13,885",3.139,1.83,,,,,,"54,707",-13.41,,,"667,099","20,221",23,"13,942",33,,"40,822",,,,,,
1953,"519,982","63,717",13.965,1.78,,,,,,"50,665",-7.39,,,"742,565","19,183",27,"14,163",37,143,"-13,052",,,,,,
1954,"580,498","60,516",11.638,1.75,,,,,,"57,369",13.23,,,"829,836","17,884",32,"14,531",40,,"-3,147",,,,,,
1955,"642,929","62,431",10.755,1.75,,,,,,"63,642",10.93,,,"878,303","16,815",38,"16,044",40,147,"1,211",,,,,,
1956,"640,347","-2,582",-0.402,1.76,,,,,,,,,,"919,994","16,302",39,"16,240",39,162,"2,582",,,,,,
1957,"716,901","76,554",11.955,1.78,,,,,,"59,828",,,,"1,075,163","15,628",46,"16,883",42,169,"-16,726",,,,,,
1958,"798,326","81,425",11.358,1.8,,,,,,"62,666",4.74,,,"1,171,789","15,037",53,"17,878",45,175,"-18,759",,,,,,
1959,"871,737","73,411",9.196,1.82,,,,,,"86,345",37.79,,,"1,283,603","14,511",60,"19,982",44,175,"12,934",,,,,,
1960,"916,332","44,595",5.116,1.83,,,,,,"69,027",-20.06,,,"1,519,821","13,911",66,"21,008",44,187,"24,432",,,,,,
1961,"965,169","48,837",5.33,1.85,,,,,,"63,070",-8.63,,,"1,553,909","13,284",73,"21,557",45,185,"14,233",,,,,,
1962,"989,192","24,023",2.489,1.87,,,,,,"69,649",10.43,,,"1,639,681","12,714",78,"22,166",45,189,"45,626",,,,,,
1963,"1,040,836","51,644",5.221,1.89,,,,,,"62,798",-9.84,,,"1,693,752","12,292",85,"22,761",46,198,"11,154",,,,,,
1964,"1,075,523","34,687",3.333,1.92,,,,,,"68,236",8.66,,,"1,809,476","11,953",90,"23,483",46,,"33,549",,,,,,
1965,"1,109,806","34,283",3.188,1.96,"1,034,268",,,"75,538",,"64,393",-5.63,,,"1,933,089","11,550",96,"24,158",46,201,"30,110",,,,,,
1966,"1,118,665","8,859",0.798,2,"1,058,675","24,407",2.36,"59,990","170,664,897","58,904",-8.52,18.99,"2,897","1,971,107","11,179",100,"24,910",45,,"50,045",,,,,,
1967,"1,160,604","41,939",3.749,2.04,"1,094,280","35,605",3.363,"66,324","183,995,180","74,981",27.29,15.48,"2,454","2,195,612","10,981",106,"25,206",46,,"33,042",,,,,,
1968,"1,221,504","60,900",5.247,2.06,"1,155,826","61,546",5.624,"65,678","208,666,762","82,842",10.48,14.74,"2,519","2,493,519","10,619",115,"25,409",48,,"21,942",,,,,,
1969,"1,336,112","114,608",9.383,2.07,"1,256,784","100,958",8.735,"79,328","239,769,076","120,905",45.95,11.05,"1,983","2,719,860","10,368",129,"25,694",52,,"6,297",,,,,,
1970,"1,483,430","147,318",11.026,2.05,"1,384,782","127,998",10.185,"98,648","267,581,120","164,193",35.8,9.03,"1,630","3,226,168","10,526",141,"26,524",56,208,"16,875",,,,,,
1971,"1,590,793","107,363",7.237,2.03,"1,510,245","125,463",9.06,"80,548","291,952,375","149,808",-8.76,10.62,"1,949","3,453,542","10,384",153,"27,154",59,,"42,445",,,,,,
1972,"1,658,990","68,197",4.287,2,"1,596,442","86,197",5.707,"62,548","291,894,945","163,123",8.89,10.17,"1,789","3,662,407","10,350",160,"28,407",58,,"94,926",,,,,,
1973,"1,758,429","99,439",5.994,1.97,"1,656,673","60,231",3.773,"101,756","300,468,676","193,990",18.92,9.06,"1,549","3,994,924","10,523",167,"31,850",55,,"94,551",,,,,,
1974,"2,021,432","263,003",14.957,1.94,"1,880,713","224,040",13.523,"140,719","371,132,570","297,872",53.55,6.79,"1,246","4,550,457","10,723",189,"34,576",58,,"34,869",,,,,,
1975,"2,179,256","157,824",7.808,1.9,"2,062,449","181,736",9.663,"116,807","382,296,208","295,073",-0.94,7.39,"1,296","4,925,643","10,550",207,"38,256",57,212,"137,249",,,,,,
1976,"2,248,390","69,134",3.172,1.85,"2,138,537","76,088",3.689,"109,853","359,258,019","196,656",-33.35,11.43,"1,827","4,972,571","10,187",221,"40,155",56,,"127,522",,,,,,
1977,"2,223,538","-24,852",-1.105,1.81,"2,117,194","-21,343",-0.998,"106,344","321,424,305","124,459",-36.71,17.87,"2,583","5,107,518","10,080",221,"41,635",53,,"149,311",,,,,,
1978,"2,182,341","-41,197",-1.853,1.77,"2,086,698","-30,496",-1.44,"95,643","307,272,262","95,052",-23.63,22.96,"3,233","5,095,831","9,762",224,"42,255",52,,"136,249",,,,,,
1979,"2,186,075","3,734",0.171,1.75,"2,097,070","10,372",0.497,"89,005","318,974,347","113,672",19.59,19.23,"2,806","5,323,766","9,727",225,"42,600",51,,"109,938",,,,,,
1980,"2,272,278","86,203",3.943,1.75,"2,175,403","78,333",3.735,"96,875","339,427,608","113,779",0.09,19.97,"2,983","5,726,656","9,564",238,"43,181",53,217,"27,576",,,,,,
1981,"2,361,896","89,618",3.944,1.75,"2,247,486","72,083",3.314,"114,410","358,581,547","119,836",5.32,19.71,"2,992","5,987,893","9,601",246,"43,870",54,,"30,218",,,,,,
1982,"2,477,608","115,712",4.899,1.76,"2,342,634","95,148",4.234,"134,974","384,856,662","138,540",15.61,17.88,"2,778","6,252,787","9,529",260,"44,953",55,,"22,828",,,,,,
1983,"2,652,323","174,715",7.052,1.76,"2,501,722","159,088",6.791,"150,601","436,720,991","161,896",16.86,16.38,"2,698","6,767,707","9,292",285,"46,235",57,,"-12,819",,,,,,
1984,"2,842,531","190,208",7.171,1.77,"2,680,274","178,552",7.137,"162,257","505,588,037","179,421",10.82,15.84,"2,818","7,416,974","9,081",313,"47,869",59,,"-10,787",,,,,,
1985,"3,024,131","181,600",6.389,1.79,"2,865,183","184,909",6.899,"158,948","590,540,205","189,800",5.78,15.93,"3,111","7,792,109","9,051",334,"49,716",61,222,"8,200",,,,,,
1986,"3,229,022","204,891",6.775,1.81,"3,063,289","198,106",6.914,"165,733","680,837,042","225,868",19,14.3,"3,014","8,160,597","8,927",362,"52,177",62,,"20,977",,,,,,
1987,"3,395,612","166,590",5.159,1.83,"3,237,751","174,462",5.695,"157,861","739,019,286","230,843",2.2,14.71,"3,201","8,965,221","8,808",386,"54,911",62,,"64,253",,,,,,
1988,"3,592,654","197,042",5.803,1.83,"3,430,926","193,175",5.966,"161,728","785,521,697","239,268",3.65,15.02,"3,283","9,201,071","8,685",414,"57,670",62,,"42,226",,,,,,
1989,"3,787,188","194,534",5.415,1.8,"3,624,773","193,847",5.65,"162,415","835,426,538","263,855",10.28,14.35,"3,166","9,479,064","8,734",434,"60,192",63,,"69,321",,,,,,
1990,"4,017,213","230,025",6.074,1.74,"3,846,311","221,538",6.112,"170,902","895,229,424","301,518",14.27,13.32,"2,969","9,950,058","8,869",453,"63,016",64,,"71,493",,,,,,
1991,"4,278,820","261,607",6.512,1.66,"4,071,954","225,643",5.866,"206,866","951,870,021","300,945",-0.19,14.22,"3,163","10,650,158","8,850",483,"66,207",65,211,"39,338",,,,,,
1992,"4,472,787","193,967",4.533,1.59,"4,289,737","217,783",5.348,"183,050","1,024,910,434","301,002",0.02,14.86,"3,405","11,431,171","8,683",515,"69,558",64,229,"107,035",,,,,,
1993,"4,709,889","237,102",5.301,1.52,"4,483,900","194,163",4.526,"225,989","1,057,341,972","296,004",-1.66,15.91,"3,572","11,865,765","8,693",542,"73,070",64,231,"58,902",,,,,,
1994,"4,914,094","204,205",4.336,1.47,"4,695,111","211,211",4.71,"218,983","1,096,065,354","314,818",6.36,15.61,"3,482","12,288,917","8,617",570,"75,573",65,232,"110,613",,,,,,
1995,"5,199,895","285,801",5.816,1.44,"4,950,344","255,233",5.436,"249,551","1,150,353,444","338,491",7.52,15.36,"3,398","13,147,201","8,645",601,"78,620",66,232,"52,690",,,,,,
1996,"5,413,769","213,874",4.113,1.41,"5,167,258","216,914",4.382,"246,511","1,140,621,714","366,579",8.3,14.77,"3,112","12,921,933","8,757",618,"81,908",66,233,"152,705",,,,,,
1997,"5,599,931","186,162",3.439,1.38,"5,353,078","185,820",3.596,"246,853","1,179,735,841","375,923",2.55,14.9,"3,138","14,322,226","8,795",637,"85,256",66,233,"189,761",,,,,,
1998,"5,888,650","288,719",5.156,1.35,"5,544,059","190,981",3.568,"344,591","1,186,666,708","316,092",-15.92,18.63,"3,754","13,896,312","8,756",673,"87,644",67,233,"27,373",,,,,,
1999,"5,912,492","23,842",0.405,1.33,"5,653,987","109,928",1.983,"258,505","1,144,566,849","323,439",2.32,18.28,"3,539","14,088,751","8,755",675,"89,985",66,234,"299,597",,,,,,
2000,"6,035,564","123,072",2.082,1.31,"5,783,003","129,016",2.282,"252,561","1,171,270,425","288,907",-10.68,20.89,"4,054","14,872,086","8,661",697,"91,487",66,235,"165,835",,,,,,
2001,"6,117,666","82,102",1.36,1.29,"5,881,776","98,773",1.708,"235,890","1,169,082,225","263,431",-8.82,23.22,"4,438","15,374,986","8,730",701,"93,154",66,235,"181,329",,,,,,
2002,"6,304,645","186,979",3.056,1.27,"6,048,600","166,824",2.836,"256,045","1,202,381,302","265,469",0.77,23.75,"4,529","15,597,746","8,760",720,"94,600",67,234,"78,490",,,,,,
2003,"6,429,351","124,706",1.978,1.26,"6,184,046","135,446",2.239,"245,305","1,234,796,477","258,845",-2.5,24.84,"4,770","16,097,622","8,565",751,"95,919",67,235,"134,139",,,,,,
2004,"6,513,132","83,781",1.303,1.25,"6,308,341","124,295",2.01,"204,791","1,282,234,887","262,416",1.38,24.82,"4,886","16,760,607","8,570",760,"96,894",67,235,"178,635",,,,,,
2005,"6,613,829","100,697",1.546,1.24,"6,390,016","81,675",1.295,"223,813","1,278,201,985","247,631",-5.63,26.71,"5,162","16,383,333","8,524",776,"98,269",67,235,"146,934",,,,,,
2006,"6,741,444","127,615",1.93,1.24,"6,491,775","101,759",1.592,"249,669","1,333,966,199","248,327",0.28,27.15,"5,372","16,675,113","8,758",770,"99,770",68,236,"120,712",,,,,,
2007,"6,957,854","216,410",3.21,1.24,"6,691,790","200,015",3.081,"266,064","1,431,761,554","298,304",20.13,23.32,"4,800","17,672,443","9,105",764,"101,376",69,236,"81,894",,,,,,
2008,"7,124,443","166,589",2.394,1.24,"6,829,455","137,665",2.057,"294,988","1,488,658,249","289,678",-2.89,24.59,"5,139","17,790,631","9,986",713,"103,267",69,236,"123,089",,,,,,
2009,"7,313,173","188,730",2.649,1.23,"7,046,419","216,964",3.177,"266,754","1,557,788,344","276,233",-4.64,26.47,"5,639","18,168,323","10,857",674,"105,298",69,236,"87,503",,,,,,
2010,"7,508,050","194,877",2.665,1.22,"7,224,930","178,511",2.533,"283,120","1,604,764,248","294,368",6.57,25.51,"5,452","18,706,895","11,202",670,"107,000",70,236,"99,491",,,,,,
2011,"7,659,019","150,969",2.011,1.21,"7,395,672","170,742",2.363,"263,347","1,707,094,710","263,131",-10.61,29.11,"6,488","19,374,737","11,824",648,"109,403",70,236,"112,162",,,,,,
2012,"7,782,346","123,327",1.61,1.2,"7,538,994","143,322",1.938,"243,352","1,748,697,447","268,777",2.15,28.95,"6,506","19,013,343","12,604",617,"111,719",70,239,"145,450",,,,,,
2013,"7,965,954","183,608",2.359,1.19,"7,698,377","159,383",2.114,"267,577","1,841,180,235","277,344",3.19,28.72,"6,639","19,241,252","13,204",603,"113,823",70,239,"93,736",,,,,,
2014,"8,201,545","235,591",2.957,1.18,"7,867,958","169,581",2.203,"333,587","1,945,487,604","275,581",-0.64,29.76,"7,060","19,950,019","14,121",581,"115,416",71,239,"39,990",,,,,,
2015,"8,220,105","18,560",0.226,1.16,"7,987,279","119,321",1.517,"232,826","1,933,473,727","260,273",-5.55,31.58,"7,429","19,862,783","15,177",542,"118,016",70,240,"241,713",,,,,,
2016,"8,340,847","120,742",1.469,1.14,"8,132,358","145,079",1.816,"208,489","1,983,763,754","264,535",1.64,31.53,"7,499","20,085,142","18,013",463,"119,485",70,240,"143,793",,,,,,
2017,"8,457,107","116,260",1.394,1.13,"8,248,982","116,624",1.434,"208,125","2,046,000,202","284,212",7.44,29.76,"7,199","20,175,477","18,564",456,"120,053",70,240,"167,952",,,,,,
2018,"8,579,909","122,802",1.452,1.11,"8,360,594","111,612",1.353,"219,315","2,074,655,497","281,744",-0.87,30.45,"7,364","20,329,317","19,521",440,"119,954",72,240,"158,942",,,,,,
2019,"8,683,117","103,208",1.203,1.08,"8,471,008","110,414",1.321,"212,109","2,088,560,437","303,866",7.85,28.58,"6,873","20,919,041","20,526",423,"119,712",73,240,"200,658",,,,,,
2020,"8,695,808","12,691",0.146,1.06,"8,424,185","-46,823",-0.553,"271,623","1,669,901,531","241,994",-20.36,35.93,"6,901","17,844,773","21,182",411,"120,387",72,240,"229,303",,,,,,
2021,"8,686,980","-8,828",-0.102,1.04,"8,480,147","55,962",0.664,"206,833","1,423,039,931","171,393",-29.17,50.68,"8,303","21,367,603","20,746",419,"119,297",73,239,"180,221",,,,,,
